Printing Node coordinates
========================
A (424, 424)
B (733, 733)
C (767, 767)
D (631, 631)
E (704, 704)
F (888, 888)
G (396, 396)
H (349, 349)
I (631, 631)
J (582, 582)

Printing Adjacency Matrix
========================
     A   B   C   D   E   F   G   H   I   J   
A    0  59  44   0  34   0   0  69  54   0
B    0   0  30  65  13   0   0   0  95   0
C    0   6   0  97  19   0   0  26  95   0
D    0  29   0   0   0   0   0   2   0   0
E    0  39   0   0   0  85   0  64  70   0
F    0   0   0   0   0   0   0  67  45   0
G    0  81   0   0   0  92   0  47  96   0
H    0   0   0   0   0   0   0   0   0   0
I    0  49   0   0   0   0   0   0   0   0
J    0   0   0   0   0  90   0   0   0   0



Printing Node coordinates
========================
A (424, 424)
B (733, 733)
C (767, 767)
D (631, 631)
E (704, 704)
F (888, 888)
G (396, 396)
H (349, 349)
I (631, 631)
J (582, 582)

Printing Adjacency Matrix
========================
     A   B   C   D   E   F   G   H   I   J   
A    0  59  44   0  34   0   0  69  54   0
B    0   0  30  65  13   0   0   0  95   0
C    0   6   0  97  19   0   0  26  95   0
D    0  29   0   0   0   0   0   2   0   0
E    0  39   0   0   0  85   0  64  70   0
F    0   0   0   0   0   0   0  67  45   0
G    0  81   0   0   0  92   0  47  96   0
H    0   0   0   0   0   0   0   0   0   0
I    0  49   0   0   0   0   0   0   0   0
J    0   0   0   0   0  90   0   0   0   0 
G    0  81   0   0   0  92   0  47  96   0
H    0   0   0   0   0   0   0   0   0   0
I    0  49   0   0   0   0   0   0   0   0
J    0   0   0   0   0  90   0   0   0   0